Planet 1 green 5.974E30 0.0 0.0 0 0
Planet 1 green 5.974E30 0.0 600000000000.0 0 0
Planet 1 green 5.974E30 0.0 1200000000000.0 0 0
Planet 1 green 5.974E30 0.0 1800000000000.0 0 0
Planet 1 green 5.974E30 0.0 2400000000000.0 0 0
Planet 1 green 5.974E30 0.0 3000000000000.0 0 0
Planet 1 green 5.974E30 0.0 3600000000000.0 0 0
Planet 1 green 5.974E30 0.0 4200000000000.0 0 0
Planet 1 green 5.974E30 0.0 4800000000000.0 0 0
Planet 1 green 5.974E30 0.0 5400000000000.0 0 0
Planet 1 green 5.974E30 0.0 6000000000000.0 0 0
Planet 1 green 5.974E30 0.0 6600000000000.0 0 0
Planet 1 green 5.974E30 0.0 7200000000000.0 0 0
Planet 1 green 5.974E30 0.0 7800000000000.0 0 0
Planet 1 green 5.974E30 0.0 8400000000000.0 0 0
Planet 1 green 5.974E30 0.0 9000000000000.0 0 0
Planet 1 green 5.974E30 0.0 9600000000000.0 0 0
Planet 1 green 5.974E30 0.0 10200000000000.0 0 0
Planet 1 green 5.974E30 0.0 10800000000000.0 0 0
Planet 1 green 5.974E30 0.0 11400000000000.0 0 0
Planet 1 green 5.974E30 600000000000.0 0.0 0 0
Planet 1 green 5.974E30 600000000000.0 600000000000.0 0 0 
Planet 1 green 5.974E30 600000000000.0 1200000000000.0 0 0
Planet 1 green 5.974E30 600000000000.0 1800000000000.0 0 0
Planet 1 green 5.974E30 600000000000.0 2400000000000.0 0 0
Planet 1 green 5.974E30 600000000000.0 3000000000000.0 0 0
Planet 1 green 5.974E30 600000000000.0 3600000000000.0 0 0
Planet 1 green 5.974E30 600000000000.0 4200000000000.0 0 0
Planet 1 green 5.974E30 600000000000.0 4800000000000.0 0 0
Planet 1 green 5.974E30 600000000000.0 5400000000000.0 0 0
Planet 1 green 5.974E30 600000000000.0 6000000000000.0 0 0
Planet 1 green 5.974E30 600000000000.0 6600000000000.0 0 0
Planet 1 green 5.974E30 600000000000.0 7200000000000.0 0 0
Planet 1 green 5.974E30 600000000000.0 7800000000000.0 0 0
Planet 1 green 5.974E30 600000000000.0 8400000000000.0 0 0
Planet 1 green 5.974E30 600000000000.0 9000000000000.0 0 0
Planet 1 green 5.974E30 600000000000.0 9600000000000.0 0 0
Planet 1 green 5.974E30 600000000000.0 10200000000000.0 0 0
Planet 1 green 5.974E30 600000000000.0 10800000000000.0 0 0
Planet 1 green 5.974E30 600000000000.0 11400000000000.0 0 0
Planet 1 green 5.974E30 1200000000000.0 0.0 0 0
Planet 1 green 5.974E30 1200000000000.0 600000000000.0 0 0
Planet 1 green 5.974E30 1200000000000.0 1200000000000.0 0 0
Planet 1 green 5.974E30 1200000000000.0 1800000000000.0 0 0
Planet 1 green 5.974E30 1200000000000.0 2400000000000.0 0 0
Planet 1 green 5.974E30 1200000000000.0 3000000000000.0 0 0
Planet 1 green 5.974E30 1200000000000.0 3600000000000.0 0 0
Planet 1 green 5.974E30 1200000000000.0 4200000000000.0 0 0
Planet 1 green 5.974E30 1200000000000.0 4800000000000.0 0 0
Planet 1 green 5.974E30 1200000000000.0 5400000000000.0 0 0
Planet 1 green 5.974E30 1200000000000.0 6000000000000.0 0 0
Planet 1 green 5.974E30 1200000000000.0 6600000000000.0 0 0
Planet 1 green 5.974E30 1200000000000.0 7200000000000.0 0 0
Planet 1 green 5.974E30 1200000000000.0 7800000000000.0 0 0
Planet 1 green 5.974E30 1200000000000.0 8400000000000.0 0 0
Planet 1 green 5.974E30 1200000000000.0 9000000000000.0 0 0
Planet 1 green 5.974E30 1200000000000.0 9600000000000.0 0 0
Planet 1 green 5.974E30 1200000000000.0 10200000000000.0 0 0
Planet 1 green 5.974E30 1200000000000.0 10800000000000.0 0 0
Planet 1 green 5.974E30 1200000000000.0 11400000000000.0 0 0
Planet 1 green 5.974E30 1800000000000.0 0.0 0 0
Planet 1 green 5.974E30 1800000000000.0 600000000000.0 0 0
Planet 1 green 5.974E30 1800000000000.0 1200000000000.0 0 0
Planet 1 green 5.974E30 1800000000000.0 1800000000000.0 0 0
Planet 1 green 5.974E30 1800000000000.0 2400000000000.0 0 0
Planet 1 green 5.974E30 1800000000000.0 3000000000000.0 0 0
Planet 1 green 5.974E30 1800000000000.0 3600000000000.0 0 0
Planet 1 green 5.974E30 1800000000000.0 4200000000000.0 0 0
Planet 1 green 5.974E30 1800000000000.0 4800000000000.0 0 0
Planet 1 green 5.974E30 1800000000000.0 5400000000000.0 0 0
Planet 1 green 5.974E30 1800000000000.0 6000000000000.0 0 0
Planet 1 green 5.974E30 1800000000000.0 6600000000000.0 0 0
Planet 1 green 5.974E30 1800000000000.0 7200000000000.0 0 0
Planet 1 green 5.974E30 1800000000000.0 7800000000000.0 0 0
Planet 1 green 5.974E30 1800000000000.0 8400000000000.0 0 0
Planet 1 green 5.974E30 1800000000000.0 9000000000000.0 0 0
Planet 1 green 5.974E30 1800000000000.0 9600000000000.0 0 0
Planet 1 green 5.974E30 1800000000000.0 10200000000000.0 0 0
Planet 1 green 5.974E30 1800000000000.0 10800000000000.0 0 0
Planet 1 green 5.974E30 1800000000000.0 11400000000000.0 0 0
Planet 1 green 5.974E30 2400000000000.0 0.0 0 0
Planet 1 green 5.974E30 2400000000000.0 600000000000.0 0 0
Planet 1 green 5.974E30 2400000000000.0 1200000000000.0 0 0
Planet 1 green 5.974E30 2400000000000.0 1800000000000.0 0 0
Planet 1 green 5.974E30 2400000000000.0 2400000000000.0 0 0
Planet 1 green 5.974E30 2400000000000.0 3000000000000.0 0 0
Planet 1 green 5.974E30 2400000000000.0 3600000000000.0 0 0
Planet 1 green 5.974E30 2400000000000.0 4200000000000.0 0 0
Planet 1 green 5.974E30 2400000000000.0 4800000000000.0 0 0
Planet 1 green 5.974E30 2400000000000.0 5400000000000.0 0 0
Planet 1 green 5.974E30 2400000000000.0 6000000000000.0 0 0
Planet 1 green 5.974E30 2400000000000.0 6600000000000.0 0 0
Planet 1 green 5.974E30 2400000000000.0 7200000000000.0 0 0
Planet 1 green 5.974E30 2400000000000.0 7800000000000.0 0 0
Planet 1 green 5.974E30 2400000000000.0 8400000000000.0 0 0
Planet 1 green 5.974E30 2400000000000.0 9000000000000.0 0 0
Planet 1 green 5.974E30 2400000000000.0 9600000000000.0 0 0
Planet 1 green 5.974E30 2400000000000.0 10200000000000.0 0 0
Planet 1 green 5.974E30 2400000000000.0 10800000000000.0 0 0
Planet 1 green 5.974E30 2400000000000.0 11400000000000.0 0 0
Planet 1 green 5.974E30 3000000000000.0 0.0 0 0
Planet 1 green 5.974E30 3000000000000.0 600000000000.0 0 0
Planet 1 green 5.974E30 3000000000000.0 1200000000000.0 0 0
Planet 1 green 5.974E30 3000000000000.0 1800000000000.0 0 0
Planet 1 green 5.974E30 3000000000000.0 2400000000000.0 0 0
Planet 1 green 5.974E30 3000000000000.0 3000000000000.0 0 0
Planet 1 green 5.974E30 3000000000000.0 3600000000000.0 0 0
Planet 1 green 5.974E30 3000000000000.0 4200000000000.0 0 0
Planet 1 green 5.974E30 3000000000000.0 4800000000000.0 0 0
Planet 1 green 5.974E30 3000000000000.0 5400000000000.0 0 0
Planet 1 green 5.974E30 3000000000000.0 6000000000000.0 0 0
Planet 1 green 5.974E30 3000000000000.0 6600000000000.0 0 0
Planet 1 green 5.974E30 3000000000000.0 7200000000000.0 0 0
Planet 1 green 5.974E30 3000000000000.0 7800000000000.0 0 0
Planet 1 green 5.974E30 3000000000000.0 8400000000000.0 0 0
Planet 1 green 5.974E30 3000000000000.0 9000000000000.0 0 0
Planet 1 green 5.974E30 3000000000000.0 9600000000000.0 0 0
Planet 1 green 5.974E30 3000000000000.0 10200000000000.0 0 0
Planet 1 green 5.974E30 3000000000000.0 10800000000000.0 0 0
Planet 1 green 5.974E30 3000000000000.0 11400000000000.0 0 0
Planet 1 green 5.974E30 3600000000000.0 0.0 0 0
Planet 1 green 5.974E30 3600000000000.0 600000000000.0 0 0
Planet 1 green 5.974E30 3600000000000.0 1200000000000.0 0 0
Planet 1 green 5.974E30 3600000000000.0 1800000000000.0 0 0
Planet 1 green 5.974E30 3600000000000.0 2400000000000.0 0 0
Planet 1 green 5.974E30 3600000000000.0 3000000000000.0 0 0
Planet 1 green 5.974E30 3600000000000.0 3600000000000.0 0 0
Planet 1 green 5.974E30 3600000000000.0 4200000000000.0 0 0
Planet 1 green 5.974E30 3600000000000.0 4800000000000.0 0 0
Planet 1 green 5.974E30 3600000000000.0 5400000000000.0 0 0
Planet 1 green 5.974E30 3600000000000.0 6000000000000.0 0 0
Planet 1 green 5.974E30 3600000000000.0 6600000000000.0 0 0
Planet 1 green 5.974E30 3600000000000.0 7200000000000.0 0 0
Planet 1 green 5.974E30 3600000000000.0 7800000000000.0 0 0
Planet 1 green 5.974E30 3600000000000.0 8400000000000.0 0 0
Planet 1 green 5.974E30 3600000000000.0 9000000000000.0 0 0
Planet 1 green 5.974E30 3600000000000.0 9600000000000.0 0 0
Planet 1 green 5.974E30 3600000000000.0 10200000000000.0 0 0
Planet 1 green 5.974E30 3600000000000.0 10800000000000.0 0 0
Planet 1 green 5.974E30 3600000000000.0 11400000000000.0 0 0
Planet 1 green 5.974E30 4200000000000.0 0.0 0 0
Planet 1 green 5.974E30 4200000000000.0 600000000000.0 0 0
Planet 1 green 5.974E30 4200000000000.0 1200000000000.0 0 0
Planet 1 green 5.974E30 4200000000000.0 1800000000000.0 0 0
Planet 1 green 5.974E30 4200000000000.0 2400000000000.0 0 0
Planet 1 green 5.974E30 4200000000000.0 3000000000000.0 0 0
Planet 1 green 5.974E30 4200000000000.0 3600000000000.0 0 0
Planet 1 green 5.974E30 4200000000000.0 4200000000000.0 0 0
Planet 1 green 5.974E30 4200000000000.0 4800000000000.0 0 0
Planet 1 green 5.974E30 4200000000000.0 5400000000000.0 0 0
Planet 1 green 5.974E30 4200000000000.0 6000000000000.0 0 0
Planet 1 green 5.974E30 4200000000000.0 6600000000000.0 0 0
Planet 1 green 5.974E30 4200000000000.0 7200000000000.0 0 0
Planet 1 green 5.974E30 4200000000000.0 7800000000000.0 0 0
Planet 1 green 5.974E30 4200000000000.0 8400000000000.0 0 0
Planet 1 green 5.974E30 4200000000000.0 9000000000000.0 0 0
Planet 1 green 5.974E30 4200000000000.0 9600000000000.0 0 0
Planet 1 green 5.974E30 4200000000000.0 10200000000000.0 0 0
Planet 1 green 5.974E30 4200000000000.0 10800000000000.0 0 0
Planet 1 green 5.974E30 4200000000000.0 11400000000000.0 0 0
Planet 1 green 5.974E30 4800000000000.0 0.0 0 0
Planet 1 green 5.974E30 4800000000000.0 600000000000.0 0 0
Planet 1 green 5.974E30 4800000000000.0 1200000000000.0 0 0
Planet 1 green 5.974E30 4800000000000.0 1800000000000.0 0 0
Planet 1 green 5.974E30 4800000000000.0 2400000000000.0 0 0
Planet 1 green 5.974E30 4800000000000.0 3000000000000.0 0 0
Planet 1 green 5.974E30 4800000000000.0 3600000000000.0 0 0
Planet 1 green 5.974E30 4800000000000.0 4200000000000.0 0 0
Planet 1 green 5.974E30 4800000000000.0 4800000000000.0 0 0
Planet 1 green 5.974E30 4800000000000.0 5400000000000.0 0 0
Planet 1 green 5.974E30 4800000000000.0 6000000000000.0 0 0
Planet 1 green 5.974E30 4800000000000.0 6600000000000.0 0 0
Planet 1 green 5.974E30 4800000000000.0 7200000000000.0 0 0
Planet 1 green 5.974E30 4800000000000.0 7800000000000.0 0 0
Planet 1 green 5.974E30 4800000000000.0 8400000000000.0 0 0
Planet 1 green 5.974E30 4800000000000.0 9000000000000.0 0 0
Planet 1 green 5.974E30 4800000000000.0 9600000000000.0 0 0
Planet 1 green 5.974E30 4800000000000.0 10200000000000.0 0 0
Planet 1 green 5.974E30 4800000000000.0 10800000000000.0 0 0
Planet 1 green 5.974E30 4800000000000.0 11400000000000.0 0 0
Planet 1 green 5.974E30 5400000000000.0 0.0 0 0
Planet 1 green 5.974E30 5400000000000.0 600000000000.0 0 0
Planet 1 green 5.974E30 5400000000000.0 1200000000000.0 0 0
Planet 1 green 5.974E30 5400000000000.0 1800000000000.0 0 0
Planet 1 green 5.974E30 5400000000000.0 2400000000000.0 0 0
Planet 1 green 5.974E30 5400000000000.0 3000000000000.0 0 0
Planet 1 green 5.974E30 5400000000000.0 3600000000000.0 0 0
Planet 1 green 5.974E30 5400000000000.0 4200000000000.0 0 0
Planet 1 green 5.974E30 5400000000000.0 4800000000000.0 0 0
Planet 1 green 5.974E30 5400000000000.0 5400000000000.0 0 0
Planet 1 green 5.974E30 5400000000000.0 6000000000000.0 0 0
Planet 1 green 5.974E30 5400000000000.0 6600000000000.0 0 0
Planet 1 green 5.974E30 5400000000000.0 7200000000000.0 0 0
Planet 1 green 5.974E30 5400000000000.0 7800000000000.0 0 0
Planet 1 green 5.974E30 5400000000000.0 8400000000000.0 0 0
Planet 1 green 5.974E30 5400000000000.0 9000000000000.0 0 0
Planet 1 green 5.974E30 5400000000000.0 9600000000000.0 0 0
Planet 1 green 5.974E30 5400000000000.0 10200000000000.0 0 0
Planet 1 green 5.974E30 5400000000000.0 10800000000000.0 0 0
Planet 1 green 5.974E30 5400000000000.0 11400000000000.0 0 0
Planet 1 green 5.974E30 6000000000000.0 0.0 0 0
Planet 1 green 5.974E30 6000000000000.0 600000000000.0 0 0
Planet 1 green 5.974E30 6000000000000.0 1200000000000.0 0 0
Planet 1 green 5.974E30 6000000000000.0 1800000000000.0 0 0
Planet 1 green 5.974E30 6000000000000.0 2400000000000.0 0 0
Planet 1 green 5.974E30 6000000000000.0 3000000000000.0 0 0
Planet 1 green 5.974E30 6000000000000.0 3600000000000.0 0 0
Planet 1 green 5.974E30 6000000000000.0 4200000000000.0 0 0
Planet 1 green 5.974E30 6000000000000.0 4800000000000.0 0 0
Planet 1 green 5.974E30 6000000000000.0 5400000000000.0 0 0
Planet 1 green 5.974E30 6000000000000.0 6000000000000.0 0 0
Planet 1 green 5.974E30 6000000000000.0 6600000000000.0 0 0
Planet 1 green 5.974E30 6000000000000.0 7200000000000.0 0 0
Planet 1 green 5.974E30 6000000000000.0 7800000000000.0 0 0
Planet 1 green 5.974E30 6000000000000.0 8400000000000.0 0 0
Planet 1 green 5.974E30 6000000000000.0 9000000000000.0 0 0
Planet 1 green 5.974E30 6000000000000.0 9600000000000.0 0 0
Planet 1 green 5.974E30 6000000000000.0 10200000000000.0 0 0
Planet 1 green 5.974E30 6000000000000.0 10800000000000.0 0 0
Planet 1 green 5.974E30 6000000000000.0 11400000000000.0 0 0
Planet 1 green 5.974E30 6600000000000.0 0.0 0 0
Planet 1 green 5.974E30 6600000000000.0 600000000000.0 0 0
Planet 1 green 5.974E30 6600000000000.0 1200000000000.0 0 0
Planet 1 green 5.974E30 6600000000000.0 1800000000000.0 0 0
Planet 1 green 5.974E30 6600000000000.0 2400000000000.0 0 0
Planet 1 green 5.974E30 6600000000000.0 3000000000000.0 0 0
Planet 1 green 5.974E30 6600000000000.0 3600000000000.0 0 0
Planet 1 green 5.974E30 6600000000000.0 4200000000000.0 0 0
Planet 1 green 5.974E30 6600000000000.0 4800000000000.0 0 0
Planet 1 green 5.974E30 6600000000000.0 5400000000000.0 0 0
Planet 1 green 5.974E30 6600000000000.0 6000000000000.0 0 0
Planet 1 green 5.974E30 6600000000000.0 6600000000000.0 0 0
Planet 1 green 5.974E30 6600000000000.0 7200000000000.0 0 0
Planet 1 green 5.974E30 6600000000000.0 7800000000000.0 0 0
Planet 1 green 5.974E30 6600000000000.0 8400000000000.0 0 0
Planet 1 green 5.974E30 6600000000000.0 9000000000000.0 0 0
Planet 1 green 5.974E30 6600000000000.0 9600000000000.0 0 0
Planet 1 green 5.974E30 6600000000000.0 10200000000000.0 0 0
Planet 1 green 5.974E30 6600000000000.0 10800000000000.0 0 0
Planet 1 green 5.974E30 6600000000000.0 11400000000000.0 0 0
Planet 1 green 5.974E30 7200000000000.0 0.0 0 0
Planet 1 green 5.974E30 7200000000000.0 600000000000.0 0 0
Planet 1 green 5.974E30 7200000000000.0 1200000000000.0 0 0
Planet 1 green 5.974E30 7200000000000.0 1800000000000.0 0 0
Planet 1 green 5.974E30 7200000000000.0 2400000000000.0 0 0
Planet 1 green 5.974E30 7200000000000.0 3000000000000.0 0 0
Planet 1 green 5.974E30 7200000000000.0 3600000000000.0 0 0
Planet 1 green 5.974E30 7200000000000.0 4200000000000.0 0 0
Planet 1 green 5.974E30 7200000000000.0 4800000000000.0 0 0
Planet 1 green 5.974E30 7200000000000.0 5400000000000.0 0 0
Planet 1 green 5.974E30 7200000000000.0 6000000000000.0 0 0
Planet 1 green 5.974E30 7200000000000.0 6600000000000.0 0 0
Planet 1 green 5.974E30 7200000000000.0 7200000000000.0 0 0
Planet 1 green 5.974E30 7200000000000.0 7800000000000.0 0 0
Planet 1 green 5.974E30 7200000000000.0 8400000000000.0 0 0
Planet 1 green 5.974E30 7200000000000.0 9000000000000.0 0 0
Planet 1 green 5.974E30 7200000000000.0 9600000000000.0 0 0
Planet 1 green 5.974E30 7200000000000.0 10200000000000.0 0 0
Planet 1 green 5.974E30 7200000000000.0 10800000000000.0 0 0
Planet 1 green 5.974E30 7200000000000.0 11400000000000.0 0 0
Planet 1 green 5.974E30 7800000000000.0 0.0 0 0
Planet 1 green 5.974E30 7800000000000.0 600000000000.0 0 0
Planet 1 green 5.974E30 7800000000000.0 1200000000000.0 0 0
Planet 1 green 5.974E30 7800000000000.0 1800000000000.0 0 0
Planet 1 green 5.974E30 7800000000000.0 2400000000000.0 0 0
Planet 1 green 5.974E30 7800000000000.0 3000000000000.0 0 0
Planet 1 green 5.974E30 7800000000000.0 3600000000000.0 0 0
Planet 1 green 5.974E30 7800000000000.0 4200000000000.0 0 0
Planet 1 green 5.974E30 7800000000000.0 4800000000000.0 0 0
Planet 1 green 5.974E30 7800000000000.0 5400000000000.0 0 0
Planet 1 green 5.974E30 7800000000000.0 6000000000000.0 0 0
Planet 1 green 5.974E30 7800000000000.0 6600000000000.0 0 0
Planet 1 green 5.974E30 7800000000000.0 7200000000000.0 0 0
Planet 1 green 5.974E30 7800000000000.0 7800000000000.0 0 0
Planet 1 green 5.974E30 7800000000000.0 8400000000000.0 0 0
Planet 1 green 5.974E30 7800000000000.0 9000000000000.0 0 0
Planet 1 green 5.974E30 7800000000000.0 9600000000000.0 0 0
Planet 1 green 5.974E30 7800000000000.0 10200000000000.0 0 0
Planet 1 green 5.974E30 7800000000000.0 10800000000000.0 0 0
Planet 1 green 5.974E30 7800000000000.0 11400000000000.0 0 0
Planet 1 green 5.974E30 8400000000000.0 0.0 0 0
Planet 1 green 5.974E30 8400000000000.0 600000000000.0 0 0
Planet 1 green 5.974E30 8400000000000.0 1200000000000.0 0 0
Planet 1 green 5.974E30 8400000000000.0 1800000000000.0 0 0
Planet 1 green 5.974E30 8400000000000.0 2400000000000.0 0 0
Planet 1 green 5.974E30 8400000000000.0 3000000000000.0 0 0
Planet 1 green 5.974E30 8400000000000.0 3600000000000.0 0 0
Planet 1 green 5.974E30 8400000000000.0 4200000000000.0 0 0
Planet 1 green 5.974E30 8400000000000.0 4800000000000.0 0 0
Planet 1 green 5.974E30 8400000000000.0 5400000000000.0 0 0
Planet 1 green 5.974E30 8400000000000.0 6000000000000.0 0 0
Planet 1 green 5.974E30 8400000000000.0 6600000000000.0 0 0
Planet 1 green 5.974E30 8400000000000.0 7200000000000.0 0 0
Planet 1 green 5.974E30 8400000000000.0 7800000000000.0 0 0
Planet 1 green 5.974E30 8400000000000.0 8400000000000.0 0 0
Planet 1 green 5.974E30 8400000000000.0 9000000000000.0 0 0
Planet 1 green 5.974E30 8400000000000.0 9600000000000.0 0 0
Planet 1 green 5.974E30 8400000000000.0 10200000000000.0 0 0
Planet 1 green 5.974E30 8400000000000.0 10800000000000.0 0 0
Planet 1 green 5.974E30 8400000000000.0 11400000000000.0 0 0
Planet 1 green 5.974E30 9000000000000.0 0.0 0 0
Planet 1 green 5.974E30 9000000000000.0 600000000000.0 0 0
Planet 1 green 5.974E30 9000000000000.0 1200000000000.0 0 0
Planet 1 green 5.974E30 9000000000000.0 1800000000000.0 0 0
Planet 1 green 5.974E30 9000000000000.0 2400000000000.0 0 0
Planet 1 green 5.974E30 9000000000000.0 3000000000000.0 0 0
Planet 1 green 5.974E30 9000000000000.0 3600000000000.0 0 0
Planet 1 green 5.974E30 9000000000000.0 4200000000000.0 0 0
Planet 1 green 5.974E30 9000000000000.0 4800000000000.0 0 0
Planet 1 green 5.974E30 9000000000000.0 5400000000000.0 0 0
Planet 1 green 5.974E30 9000000000000.0 6000000000000.0 0 0
Planet 1 green 5.974E30 9000000000000.0 6600000000000.0 0 0
Planet 1 green 5.974E30 9000000000000.0 7200000000000.0 0 0
Planet 1 green 5.974E30 9000000000000.0 7800000000000.0 0 0
Planet 1 green 5.974E30 9000000000000.0 8400000000000.0 0 0
Planet 1 green 5.974E30 9000000000000.0 9000000000000.0 0 0
Planet 1 green 5.974E30 9000000000000.0 9600000000000.0 0 0
Planet 1 green 5.974E30 9000000000000.0 10200000000000.0 0 0
Planet 1 green 5.974E30 9000000000000.0 10800000000000.0 0 0
Planet 1 green 5.974E30 9000000000000.0 11400000000000.0 0 0
Planet 1 green 5.974E30 9600000000000.0 0.0 0 0
Planet 1 green 5.974E30 9600000000000.0 600000000000.0 0 0
Planet 1 green 5.974E30 9600000000000.0 1200000000000.0 0 0
Planet 1 green 5.974E30 9600000000000.0 1800000000000.0 0 0
Planet 1 green 5.974E30 9600000000000.0 2400000000000.0 0 0
Planet 1 green 5.974E30 9600000000000.0 3000000000000.0 0 0
Planet 1 green 5.974E30 9600000000000.0 3600000000000.0 0 0
Planet 1 green 5.974E30 9600000000000.0 4200000000000.0 0 0
Planet 1 green 5.974E30 9600000000000.0 4800000000000.0 0 0
Planet 1 green 5.974E30 9600000000000.0 5400000000000.0 0 0
Planet 1 green 5.974E30 9600000000000.0 6000000000000.0 0 0
Planet 1 green 5.974E30 9600000000000.0 6600000000000.0 0 0
Planet 1 green 5.974E30 9600000000000.0 7200000000000.0 0 0
Planet 1 green 5.974E30 9600000000000.0 7800000000000.0 0 0
Planet 1 green 5.974E30 9600000000000.0 8400000000000.0 0 0
Planet 1 green 5.974E30 9600000000000.0 9000000000000.0 0 0
Planet 1 green 5.974E30 9600000000000.0 9600000000000.0 0 0
Planet 1 green 5.974E30 9600000000000.0 10200000000000.0 0 0
Planet 1 green 5.974E30 9600000000000.0 10800000000000.0 0 0
Planet 1 green 5.974E30 9600000000000.0 11400000000000.0 0 0
Planet 1 green 5.974E30 10200000000000.0 0.0 0 0
Planet 1 green 5.974E30 10200000000000.0 600000000000.0 0 0
Planet 1 green 5.974E30 10200000000000.0 1200000000000.0 0 0
Planet 1 green 5.974E30 10200000000000.0 1800000000000.0 0 0
Planet 1 green 5.974E30 10200000000000.0 2400000000000.0 0 0
Planet 1 green 5.974E30 10200000000000.0 3000000000000.0 0 0
Planet 1 green 5.974E30 10200000000000.0 3600000000000.0 0 0
Planet 1 green 5.974E30 10200000000000.0 4200000000000.0 0 0
Planet 1 green 5.974E30 10200000000000.0 4800000000000.0 0 0
Planet 1 green 5.974E30 10200000000000.0 5400000000000.0 0 0
Planet 1 green 5.974E30 10200000000000.0 6000000000000.0 0 0
Planet 1 green 5.974E30 10200000000000.0 6600000000000.0 0 0
Planet 1 green 5.974E30 10200000000000.0 7200000000000.0 0 0
Planet 1 green 5.974E30 10200000000000.0 7800000000000.0 0 0
Planet 1 green 5.974E30 10200000000000.0 8400000000000.0 0 0
Planet 1 green 5.974E30 10200000000000.0 9000000000000.0 0 0
Planet 1 green 5.974E30 10200000000000.0 9600000000000.0 0 0
Planet 1 green 5.974E30 10200000000000.0 10200000000000.0 0 0
Planet 1 green 5.974E30 10200000000000.0 10800000000000.0 0 0
Planet 1 green 5.974E30 10200000000000.0 11400000000000.0 0 0
Planet 1 green 5.974E30 10800000000000.0 0.0 0 0
Planet 1 green 5.974E30 10800000000000.0 600000000000.0 0 0
Planet 1 green 5.974E30 10800000000000.0 1200000000000.0 0 0
Planet 1 green 5.974E30 10800000000000.0 1800000000000.0 0 0
Planet 1 green 5.974E30 10800000000000.0 2400000000000.0 0 0
Planet 1 green 5.974E30 10800000000000.0 3000000000000.0 0 0
Planet 1 green 5.974E30 10800000000000.0 3600000000000.0 0 0
Planet 1 green 5.974E30 10800000000000.0 4200000000000.0 0 0
Planet 1 green 5.974E30 10800000000000.0 4800000000000.0 0 0
Planet 1 green 5.974E30 10800000000000.0 5400000000000.0 0 0
Planet 1 green 5.974E30 10800000000000.0 6000000000000.0 0 0
Planet 1 green 5.974E30 10800000000000.0 6600000000000.0 0 0
Planet 1 green 5.974E30 10800000000000.0 7200000000000.0 0 0
Planet 1 green 5.974E30 10800000000000.0 7800000000000.0 0 0
Planet 1 green 5.974E30 10800000000000.0 8400000000000.0 0 0
Planet 1 green 5.974E30 10800000000000.0 9000000000000.0 0 0
Planet 1 green 5.974E30 10800000000000.0 9600000000000.0 0 0
Planet 1 green 5.974E30 10800000000000.0 10200000000000.0 0 0
Planet 1 green 5.974E30 10800000000000.0 10800000000000.0 0 0
Planet 1 green 5.974E30 10800000000000.0 11400000000000.0 0 0
Planet 1 green 5.974E30 11400000000000.0 0.0 0 0
Planet 1 green 5.974E30 11400000000000.0 600000000000.0 0 0
Planet 1 green 5.974E30 11400000000000.0 1200000000000.0 0 0
Planet 1 green 5.974E30 11400000000000.0 1800000000000.0 0 0
Planet 1 green 5.974E30 11400000000000.0 2400000000000.0 0 0
Planet 1 green 5.974E30 11400000000000.0 3000000000000.0 0 0
Planet 1 green 5.974E30 11400000000000.0 3600000000000.0 0 0
Planet 1 green 5.974E30 11400000000000.0 4200000000000.0 0 0
Planet 1 green 5.974E30 11400000000000.0 4800000000000.0 0 0
Planet 1 green 5.974E30 11400000000000.0 5400000000000.0 0 0
Planet 1 green 5.974E30 11400000000000.0 6000000000000.0 0 0
Planet 1 green 5.974E30 11400000000000.0 6600000000000.0 0 0
Planet 1 green 5.974E30 11400000000000.0 7200000000000.0 0 0
Planet 1 green 5.974E30 11400000000000.0 7800000000000.0 0 0
Planet 1 green 5.974E30 11400000000000.0 8400000000000.0 0 0
Planet 1 green 5.974E30 11400000000000.0 9000000000000.0 0 0
Planet 1 green 5.974E30 11400000000000.0 9600000000000.0 0 0
Planet 1 green 5.974E30 11400000000000.0 10200000000000.0 0 0
Planet 1 green 5.974E30 11400000000000.0 10800000000000.0 0 0
Planet 1 green 5.974E30 11400000000000.0 11400000000000.0 0 0