0.0035269999999999998 22.05712493436264 59.99999786407277
0.003809 23.823293886225663 59.99999767934905
0.004155 25.986222204386323 59.99999743258953
0.00449 28.083989001619116 59.999997173944195
0.0048 30.020892832179968 59.99999691866215
0.005157999999999999 32.25705168871473 59.99999660198555
0.0055509999999999995 34.71748782259298 59.99999622697023
0.005835 36.49205349154952 59.999995942668825
0.006109 38.203161108605954 59.999995655679825
0.006167 38.570233384906025 59.99999559352248
0.006218 38.89021747679766 59.99999553888917
0.006317 39.50751823676216 59.99999543181981
0.006658 41.63888651533955 59.99999504219534
0.006998 43.76867069481723 59.99999463294639
0.007379999999999999 46.153523548420516 59.999994149715064
0.007749 48.45948558363681 59.999993659124065
0.008091 50.60244656293721 59.99999318305014
0.008435 52.75323481623425 59.99999268492856
0.008862 55.42234532280455 59.999992035487004
0.009281 58.04284293951832 59.999991367726004
0.009644999999999999 60.32107159449888 59.999990764395946
0.009987 62.455851467977304 59.999990179046996
0.025529 159.65144613549234 59.99992205381065
0.040776 254.9993767906016 59.99981531100268
0.09160399999999999 572.8564941653962 59.99901590866066
0.142972 894.0922852371936 59.997754982107594
0.19582 1224.5986720884366 59.99597813169783
0.246854 1543.765128048067 59.99381508212892
0.29814199999999996 1864.535539776523 59.99118952202002
0.35576199999999997 2224.9229431802446 59.98766963255812
0.411018 2570.5546094112397 59.98376962078931
0.46368 2899.9743109658743 59.97957639406564
0.464829 2907.162356649953 59.97948467772094
0.466161 2915.498474534166 59.97937800756223
0.46730299999999997 2922.641473184082 59.97928638090729
0.475786 2975.710657111023 59.9785932726559
0.484462 3029.9895112439167 59.97787143990868
1.116528 6984.293408396899 59.85665779102675
1.708966 10699.089769025933 59.6824806217563
2.283719 14314.799102489971 59.456123580892736
2.849075 17886.585094507707 59.17747167449197
3.422291 21527.17539699078 58.83676842177562
3.9921569999999997 25170.02482109335 58.43981439935052
4.578544 28947.0998612492 57.96873833872166
5.138720999999999 32588.34248883802 57.46056992126492
5.7491129999999995 36595.52352351225 56.836380623741775
6.313111999999999 40344.01943190646 56.198131493248525
6.8767689999999995 44138.38176344418 55.49724508202847
7.436274 47958.77761325172 54.737736976486545
8.011547 51948.960517001535 53.88734496625181
8.575407 55930.683871390596 52.984945030606774
9.169445 60207.950528905225 51.954940367371236
9.740508 64414.711110922966 50.88879496062109
10.358626 69080.6196991999 49.641674711079986
10.935132 73563.4231544115 48.39429289180711
11.532836999999999 78357.88845802534 47.00571874758388
12.09867 83065.6702691269 45.602126513069855
12.654517 87876.64161202416 44.13305232785203
13.21975 92992.40547613823 42.54145203438145
13.777612999999999 98317.71107712804 40.87217101809285
14.336654999999999 104001.4239623238 39.097960708298125
14.899585 110189.04102769199 37.20908202833742
15.573545 118389.41210700473 34.80632914229747
16.155304 126811.00740814743 32.6715012479287
16.741435 137576.3847731786 30.530203746454024
17.33306 154644.66618104491 28.62592336055787
17.897496 245318.87781861794 29.056285141067146
18.456557999999998 236942.6424502589 32.579554602738725
19.043058 235024.7524837965 37.718800633727156
19.604333 234657.83634564208 42.75462297048245
20.168654999999998 225178.4964844786 45.86897753240821
20.735578999999998 223263.4642645175 50.359283634713016
21.305882 223547.8215805585 55.65262008333084
21.865112999999997 224770.08879793022 61.28532263626603
22.424581999999997 226511.1246971724 67.20636637497061
23.000621 228533.0575782709 73.51099001060138
23.559645999999997 230974.9622908762 79.80675387013918
24.128885 233629.9190559974 86.41895050102563
24.692159 237463.82679794624 93.5147594168406
25.262114 238675.28183604358 98.10920625934826
25.824285999999997 241199.81082897182 103.28178924739927
26.386841999999998 243915.8051457948 109.02895476648618
26.945463999999998 245662.83838503284 114.60286749099686
27.509907 247782.0702671184 120.14401667033975
28.114414 249302.7100778582 126.00285817213296
28.706315999999998 251158.7115982134 131.75460363366247
29.269719 253730.90476460318 137.5151198551031
29.832821 256703.92364902006 143.29627147093518
30.454701999999997 259951.30712947724 149.7416407784378
31.013607999999998 262857.4916290383 155.5918884023023
31.589278999999998 265902.9925562909 161.66514608281105
32.162847 269047.1275435334 167.72315889216455
32.731099 272288.07714494166 173.88396988833034
33.329512 275819.0526920291 180.27177145861464
33.900847999999996 279332.81366689753 187.75872100733113
34.493004 283347.140102983 196.26522802078694
35.073952 288496.36503817776 204.87730046965567
35.631907999999996 292022.7313496146 212.06718818006377
36.209372 294052.8738061605 220.962241338123
36.798711 298094.0948309693 229.3053214080777
37.369848 302863.9470573967 237.0188787628215
37.932995 309324.5765853627 244.6004119516135
38.528141 433541.6278892593 258.1725340683181
39.097058 436509.06316788687 258.96425385423856
39.67094 470916.78091103403 258.5892509512569
40.2937 467454.8517823214 260.9383556188117
40.857569999999996 465255.58122627676 266.27661257713385
41.417907 463672.3504662468 274.08302118261565
41.971834 464536.4007809277 285.44449332230846
42.556199 438843.01770673314 299.3014123877997
43.120042999999995 450958.1985095179 315.8829328092021
43.738913 453078.9460054582 335.4040828778121
44.304356 451503.83420342184 353.080745593025
44.878436 447661.137278707 371.93982686304616
45.440109 446039.48602618783 391.23771112404796
45.992301 445374.7943556661 410.9775206193475
46.55298 438191.07611612114 431.2512976474312
47.109697 436232.75429052144 452.22995783776855
47.684608 435657.2023181774 475.8007898940381
48.295015 436110.15251466975 504.93121425565784
48.866841 440720.9501510573 531.788050958619
49.421993 688146.5537543705 560.2574837725319
49.975175 687869.4744942316 591.0680398377409
50.530187 688066.9007135954 623.8759819290789
51.128462999999996 687960.5348034617 658.2976249357724
51.774774 687485.6849458838 696.6023386214064
52.42035 687757.6866452083 736.0378322005897
53.12213 694023.5444692628 780.2131140818346
53.70037 691893.7391335997 817.242779298164
54.252613 692244.3929377741 852.7365819052491
54.855353 694367.2026465869 892.7348413853886
55.408865 697313.437786773 930.5864674647395
55.958921999999994 696803.8823298689 968.766082454752
56.535652999999996 695912.135371884 1009.1874483107995
57.083596 695365.6135381865 1047.8925504510069
57.64116 695025.8903689978 1087.5420170819184
58.188016999999995 694845.0701260976 1126.6648659492491
58.780288 694827.6346840913 1169.2778049601372
59.458214 695423.9015063145 1218.3554337690273
60.057325 695551.6795531356 1261.7973148082738
60.751998 693784.2420515215 1312.2853150531957
61.446284 693038.8903521893 1362.936035253481
62.139618999999996 692520.8876089104 1413.6983739338987
62.730764 692158.7418507406 1457.1120955534566
63.291272 691854.9854157406 1498.3782112894785
